0.1553738947743563 181.5224708882758 6.032196886916826 2.020465984903408
-10.138367854554888 1199.780409919216 28.105513480017972 -0.1599413613249943
6.202758800163937 -31.73254145619301 -0.49193061147121375 -0.007500686188094794
1.8192603654934152 98.88407261811153 8.515142347977669 1.5450494179615473
18.702491431046987 -1049.1420166999876 -64.02336378427634 4.697477009955875
7.558967222749757 38.75347022258517 63.8621337725281 -7.292911938904119
3.9778275428013106 155.1294745499845 21.34654217308165 -0.509489517988946
-0.3392617306152288 205.34920912506655 13.690413379232252 1.0881917891371327
2.7201881593221366 -370.5071993831292 16.805252472386535 2.862495198519322
0.8823650854704755 46.02572969307016 24.11416009396112 0.2904952778201951
-0.5791811179396172 -113.80019629904369 38.48275001864829 0.1790903610366074
3.604530111979593 341.8478667233897 30.985354601017363 -1.783716716706905
11.638968116675327 -371.2831616114712 33.50541093786409 0.5689646336800821
1.0645915083681439 72.43928221707267 -21.218112902922282 12.423516066924373
-0.7788337279288562 -78.42760267889398 295.2095104339633 -0.6648546526841067
9.632612023459313 -225.67161809941382 -24.952637949117918 3.4835265290533717
